20
140
8 7
18 3
0 3
15 14
10 12
8 2
6 14
13 3
4 19
14 10
15 2
13 12
8 1
3 6
0 12
0 10
13 10
15 7
9 2
12 3
3 16
14 0
3 15
18 5
17 11
14 8
11 5
7 2
8 16
11 3
19 5
5 2
0 5
9 17
10 3
1 11
17 16
13 7
10 18
15 13
4 18
7 0
17 0
1 0
11 15
1 17
13 0
13 16
15 8
16 9
17 10
13 14
4 6
17 4
11 12
4 13
14 4
14 1
12 2
4 9
17 13
16 14
0 2
18 11
16 6
3 5
17 3
1 18
16 2
1 12
7 14
18 2
2 1
6 11
10 15
18 6
2 3
15 5
6 19
19 0
12 18
7 18
15 9
2 4
11 8
5 7
10 6
5 14
18 0
12 16
19 2
4 1
5 1
1 6
2 6
12 19
9 0
9 12
12 6
10 16
1 9
17 5
19 11
7 12
4 16
15 0
9 13
8 10
13 5
11 0
10 9
10 19
6 5
12 8
9 8
8 4
9 19
18 14
10 7
6 15
5 16
10 5
4 7
9 6
2 13
11 10
10 1
2 10
15 1
2 14
19 13
16 19
14 11
4 10
3 8
19 7
19 17
1 16
9 5
8 19
