30
435
26 6
25 18
27 10
8 7
18 3
3 24
0 3
15 26
15 14
8 6
13 11
22 13
20 19
9 23
11 4
18 17
21 26
21 8
9 11
10 12
8 2
14 23
27 8
6 14
13 3
1 23
4 19
0 20
14 10
22 29
15 2
13 12
8 1
3 6
13 21
0 12
22 21
18 23
0 10
13 10
24 26
7 25
24 23
24 12
29 28
4 20
26 1
5 26
21 1
7 21
16 28
15 7
29 8
25 17
9 2
25 5
29 10
12 3
27 23
13 1
19 22
26 4
25 16
21 5
6 13
15 16
5 4
4 15
12 21
3 16
14 0
12 28
20 26
20 23
3 15
23 3
18 22
25 22
13 27
0 23
26 3
26 22
24 2
18 5
18 26
29 15
25 26
22 2
14 27
21 15
17 11
26 9
29 9
18 20
25 23
14 8
2 20
14 29
0 16
18 16
17 14
8 13
4 0
21 11
11 5
25 15
7 2
14 19
21 9
7 29
6 17
25 2
22 3
15 18
24 4
8 16
11 3
20 21
0 29
27 22
14 24
19 5
5 2
0 5
23 5
6 25
9 17
17 20
10 3
14 21
1 11
10 23
27 1
17 16
3 20
13 7
27 15
26 8
6 29
10 18
20 6
15 13
4 18
22 17
7 0
17 0
1 22
29 17
1 0
14 25
11 15
28 7
29 21
1 17
24 18
13 0
1 28
19 23
8 5
8 17
22 4
27 18
1 7
23 28
24 0
22 11
26 17
21 0
14 12
29 3
25 1
0 28
18 21
24 1
4 3
21 27
24 28
28 11
7 22
13 16
15 8
16 9
17 10
21 10
13 14
9 24
20 16
29 23
4 6
17 4
25 3
11 12
28 15
4 13
14 4
20 22
28 4
6 7
21 23
11 27
11 2
29 1
11 20
14 1
12 2
4 9
17 13
16 14
20 7
0 2
18 11
22 15
16 6
3 5
4 29
17 3
24 13
20 25
1 18
16 2
16 11
5 12
19 18
5 28
8 18
6 23
26 13
29 5
1 19
9 28
17 28
1 12
12 22
29 25
26 27
29 2
7 14
18 2
21 24
27 3
2 1
6 11
10 15
18 6
2 3
15 5
19 25
21 2
4 23
6 22
15 20
28 13
15 23
8 28
27 16
6 19
19 0
12 18
7 18
15 9
2 4
28 25
16 24
11 8
5 7
23 12
23 2
10 6
24 17
5 14
18 0
29 24
3 21
12 16
21 16
19 2
4 1
22 8
12 20
29 18
5 1
1 6
2 6
15 19
27 12
27 29
21 6
24 25
0 8
9 18
15 17
7 3
12 19
6 24
26 14
21 17
25 13
25 9
9 0
26 16
9 12
14 20
25 10
12 6
10 16
24 5
1 9
26 23
17 5
23 8
25 4
9 22
0 25
29 12
19 11
27 24
11 24
7 12
4 16
13 23
11 26
13 20
28 14
15 0
9 13
6 27
7 26
27 0
8 10
19 29
8 20
13 5
28 19
11 0
23 22
10 9
26 28
28 3
28 6
18 28
2 27
22 10
10 19
20 29
6 5
12 8
9 8
23 7
26 19
16 23
8 4
25 8
25 11
24 8
9 19
18 14
27 5
20 9
22 28
10 7
23 11
6 15
26 0
3 19
9 14
27 20
12 17
2 17
24 20
25 12
13 18
26 2
5 16
29 11
10 5
22 16
28 2
0 22
4 7
28 20
9 6
2 13
16 29
11 10
21 25
10 1
12 26
26 10
2 10
15 1
24 7
2 14
19 13
24 10
26 29
14 22
28 27
16 19
27 25
14 11
27 17
4 10
7 27
21 4
3 8
22 24
19 7
22 5
21 28
24 15
19 17
1 16
19 21
3 14
1 20
27 9
17 7
23 17
1 3
6 0
28 10
9 7
9 5
20 5
13 29
27 19
8 19
19 24
4 12
3 9
11 7
16 7
27 4
20 10
15 12
0